0 1.000000000000
1 0.408203125000
2 0.345214843750
3 0.319824218750
4 0.293457031250
5 0.254882812500
6 0.222167968750
7 0.207031250000
8 0.195800781250
9 0.173339843750
10 0.158691406250
11 0.136718750000
12 0.123046875000
13 0.117187500000
14 0.097656250000
15 0.086425781250
16 0.072753906250
17 0.058105468750
18 0.038574218750
19 0.021484375000
20 0.008789062500
21 0.002929687500
22 0.001953125000
23 0.000976562500
24 0.000488281250
25 0.000488281250
26 0.000976562500
27 0.000976562500
28 0.000976562500
29 0.000976562500
