1.000000000000000000e+00
4.023437500000000000e-01
3.457031250000000000e-01
3.339843750000000000e-01
3.076171875000000000e-01
2.705078125000000000e-01
2.504882812500000000e-01
2.260742187500000000e-01
2.060546875000000000e-01
1.928710937500000000e-01
1.894531250000000000e-01
1.909179687500000000e-01
1.752929687500000000e-01
1.611328125000000000e-01
1.586914062500000000e-01
1.342773437500000000e-01
1.206054687500000000e-01
1.069335937500000000e-01
9.228515625000000000e-02
8.007812500000000000e-02
6.787109375000000000e-02
5.371093750000000000e-02
3.320312500000000000e-02
2.294921875000000000e-02
1.074218750000000000e-02
4.882812500000000000e-03
