1.000000000000000000e+00
3.959960937500000000e-01
3.378906250000000000e-01
2.944335937500000000e-01
2.675781250000000000e-01
2.187500000000000000e-01
1.972656250000000000e-01
1.728515625000000000e-01
1.420898437500000000e-01
1.220703125000000000e-01
1.000976562500000000e-01
7.373046875000000000e-02
4.199218750000000000e-02
2.001953125000000000e-02
9.277343750000000000e-03
2.929687500000000000e-03
9.765625000000000000e-04
1.464843750000000000e-03
1.464843750000000000e-03
1.464843750000000000e-03
1.464843750000000000e-03
1.464843750000000000e-03
1.464843750000000000e-03
