1.000000000000000000e+00
4.013671875000000000e-01
3.515625000000000000e-01
3.193359375000000000e-01
2.968750000000000000e-01
2.626953125000000000e-01
2.734375000000000000e-01
2.529296875000000000e-01
2.412109375000000000e-01
2.324218750000000000e-01
2.333984375000000000e-01
2.343750000000000000e-01
2.041015625000000000e-01
1.972656250000000000e-01
1.904296875000000000e-01
2.021484375000000000e-01
1.894531250000000000e-01
1.875000000000000000e-01
1.894531250000000000e-01
1.845703125000000000e-01
1.738281250000000000e-01
1.767578125000000000e-01
1.699218750000000000e-01
1.484375000000000000e-01
1.464843750000000000e-01
1.464843750000000000e-01
