1.000000000000000000e+00
4.082031250000000000e-01
3.479003906250000000e-01
3.188476562500000000e-01
3.005371093750000000e-01
2.768554687500000000e-01
2.490234375000000000e-01
2.431640625000000000e-01
2.224121093750000000e-01
2.167968750000000000e-01
2.058105468750000000e-01
1.984863281250000000e-01
1.955566406250000000e-01
1.787109375000000000e-01
1.708984375000000000e-01
1.691894531250000000e-01
1.601562500000000000e-01
1.520996093750000000e-01
1.477050781250000000e-01
1.455078125000000000e-01
1.391601562500000000e-01
1.335449218750000000e-01
1.264648437500000000e-01
1.159667968750000000e-01
1.142578125000000000e-01
1.052246093750000000e-01
