1.000000000000000000e+00
4.077148437500000000e-01
3.471679687500000000e-01
3.061523437500000000e-01
2.778320312500000000e-01
2.592773437500000000e-01
2.402343750000000000e-01
2.363281250000000000e-01
2.158203125000000000e-01
1.948242187500000000e-01
1.811523437500000000e-01
1.669921875000000000e-01
1.445312500000000000e-01
1.333007812500000000e-01
1.235351562500000000e-01
1.020507812500000000e-01
8.447265625000000000e-02
6.738281250000000000e-02
5.078125000000000000e-02
3.320312500000000000e-02
2.148437500000000000e-02
8.789062500000000000e-03
5.371093750000000000e-03
3.417968750000000000e-03
2.441406250000000000e-03
1.464843750000000000e-03
