1.000000000000000000e+00
4.003906250000000000e-01
3.442382812500000000e-01
3.032226562500000000e-01
2.705078125000000000e-01
2.551269531250000000e-01
2.292480468750000000e-01
2.060546875000000000e-01
1.906738281250000000e-01
1.706542968750000000e-01
1.611328125000000000e-01
1.433105468750000000e-01
1.301269531250000000e-01
1.123046875000000000e-01
1.003417968750000000e-01
8.520507812500000000e-02
7.421875000000000000e-02
4.931640625000000000e-02
3.198242187500000000e-02
1.977539062500000000e-02
9.521484375000000000e-03
4.638671875000000000e-03
2.441406250000000000e-03
1.953125000000000000e-03
1.953125000000000000e-03
1.464843750000000000e-03
