1.000000000000000000e+00
4.082031250000000000e-01
3.535156250000000000e-01
3.183593750000000000e-01
3.144531250000000000e-01
2.851562500000000000e-01
2.587890625000000000e-01
2.431640625000000000e-01
2.333984375000000000e-01
2.089843750000000000e-01
2.070312500000000000e-01
1.972656250000000000e-01
1.972656250000000000e-01
1.757812500000000000e-01
1.757812500000000000e-01
1.621093750000000000e-01
1.474609375000000000e-01
1.289062500000000000e-01
1.171875000000000000e-01
1.201171875000000000e-01
1.181640625000000000e-01
1.035156250000000000e-01
9.765625000000000000e-02
8.398437500000000000e-02
6.250000000000000000e-02
5.175781250000000000e-02
