1.000000000000000000e+00
4.038085937500000000e-01
3.459472656250000000e-01
3.024902343750000000e-01
2.822265625000000000e-01
2.712402343750000000e-01
2.590332031250000000e-01
2.446289062500000000e-01
2.304687500000000000e-01
2.148437500000000000e-01
2.036132812500000000e-01
1.884765625000000000e-01
1.806640625000000000e-01
1.767578125000000000e-01
1.647949218750000000e-01
1.501464843750000000e-01
1.435546875000000000e-01
1.342773437500000000e-01
1.210937500000000000e-01
1.096191406250000000e-01
9.716796875000000000e-02
8.764648437500000000e-02
7.543945312500000000e-02
6.152343750000000000e-02
4.467773437500000000e-02
2.758789062500000000e-02
