1.000000000000000000e+00
3.925781250000000000e-01
3.457031250000000000e-01
3.115234375000000000e-01
2.812500000000000000e-01
2.548828125000000000e-01
2.304687500000000000e-01
2.246093750000000000e-01
1.894531250000000000e-01
1.777343750000000000e-01
1.455078125000000000e-01
1.259765625000000000e-01
1.171875000000000000e-01
8.691406250000000000e-02
7.910156250000000000e-02
5.566406250000000000e-02
4.101562500000000000e-02
2.441406250000000000e-02
1.367187500000000000e-02
1.269531250000000000e-02
8.789062500000000000e-03
4.882812500000000000e-03
3.906250000000000000e-03
2.929687500000000000e-03
2.929687500000000000e-03
2.929687500000000000e-03
