1.000000000000000000e+00
3.813476562500000000e-01
3.176269531250000000e-01
2.753906250000000000e-01
2.387695312500000000e-01
2.055664062500000000e-01
1.726074218750000000e-01
1.494140625000000000e-01
1.313476562500000000e-01
1.110839843750000000e-01
8.398437500000000000e-02
5.371093750000000000e-02
3.173828125000000000e-02
1.342773437500000000e-02
3.173828125000000000e-03
1.464843750000000000e-03
9.765625000000000000e-04
1.220703125000000000e-03
1.220703125000000000e-03
1.220703125000000000e-03
1.220703125000000000e-03
1.220703125000000000e-03
