1.000000000000000000e+00
4.086914062500000000e-01
3.500976562500000000e-01
3.120117187500000000e-01
3.017578125000000000e-01
2.753906250000000000e-01
2.500000000000000000e-01
2.416992187500000000e-01
2.275390625000000000e-01
2.226562500000000000e-01
2.070312500000000000e-01
2.036132812500000000e-01
1.982421875000000000e-01
1.791992187500000000e-01
1.708984375000000000e-01
1.708984375000000000e-01
1.557617187500000000e-01
1.523437500000000000e-01
1.367187500000000000e-01
1.362304687500000000e-01
1.269531250000000000e-01
1.201171875000000000e-01
1.088867187500000000e-01
1.054687500000000000e-01
9.472656250000000000e-02
8.642578125000000000e-02
